177
133
179
123
155
168
174
177
143
236
213
158
209
198
167
200
179
127
127
133
196
129
118
196
237
214
114
183
148
181
142
176
129
151
110
135
245
259
250
222
178
145
213
293
270
253
360
214
153
177
167
92
170
183
384
220
250
279
283
145
158
107
124
184
227
213
191
261
239
174
228
166
220
191
238
133
107
79
157
177
185
122
220
201
168
152
133
113
204
173
227
203
191
310
139
126
94
106
134
119
127
133
154
305
487
458
277
212
184
170
134
109
171
125
160
159
140
121
129
207
229
246
199
135
129
172
153
174
161
