67
94
76
83
80
90
79
72
100
90
82
80
88
80
92
83
90
80
87
86
88
87
87
91
83
81
96
80
63
65
73
90
101
95
67
95
88
100
84
81
84
106
103
99
89
81
89
107
101
98
106
98
125
107
94
129
109
115
125
117
109
110
129
126
124
140
166
158
158
183
147
144
140
154
165
190
161
172
166
174
174
189
177
170
209
180
184
220
195
197
188
173
187
191
209
170
171
166
172
195
196
170
178
180
153
146
182
151
131
133
110
120
113
106
75
92
100
75
91
83
96
91
91
89
110
89
90
69
70
78
87
99
76
100
78
91
82
99
80
63
67
72
93
114
81
82
84
88
70
83
85
82
84
82
100
83
97
92
89
69
103
75
74
73
85
102
93
72
79
95
82
87
78
107
274
407
172
89
83
86
85
105
82
80
95
78
78
101
56
67
101
104
92
76
71
84
77
72
83
100
