415
286
285
186
203
202
124
107
145
167
151
165
204
216
151
156
164
216
252
242
250
160
154
179
156
186
236
240
317
260
243
189
236
327
207
235
254
399
316
288
226
316
231
208
188
181
266
233
340
344
240
321
288
300
391
361
455
392
266
268
179
266
462
510
412
253
207
313
266
401
394
420
521
500
586
468
531
305
216
130
204
189
255
272
163
212
240
281
282
360
222
253
214
195
168
248
254
246
167
140
152
180
181
100
103
168
192
118
159
186
218
147
192
147
280
122
119
92
97
195
183
159
90
99
195
130
72
131
103
50
154
181
162
189
144
202
131
114
135
145
175
189
158
225
194
138
86
131
254
269
107
147
145
77
127
82
191
243
376
789
1482
1241
