302
182
126
118
156
154
175
175
109
140
124
120
120
101
91
161
200
159
153
149
169
131
137
164
184
182
239
172
135
100
155
113
49
94
153
197
164
120
49
94
118
118
262
173
93
239
257
148
150
127
129
156
213
121
133
111
126
187
131
136
164
188
177
165
141
182
119
197
159
183
103
144
191
270
192
282
225
230
267
300
308
222
202
229
261
301
296
225
311
286
347
342
340
193
254
408
260
231
281
377
268
214
294
423
394
473
405
367
258
164
282
245
330
353
471
507
484
452
469
365
232
170
168
199
187
171
254
216
277
264
320
355
276
165
187
202
226
132
160
132
95
104
123
169
227
182
112
156
124
143
111
190
122
141
176
115
115
224
147
118
165
110
149
136
152
223
152
165
207
116
113
148
123
167
133
174
152
135
221
154
116
165
98
118
158
172
146
150
82
102
94
100
134
175
182
188
129
128
185
228
352
899
1389
884
405
