223
117
143
73
85
91
137
151
121
121
87
92
143
156
136
128
163
142
139
115
160
91
112
178
123
221
206
254
304
178
129
140
164
104
184
246
141
146
167
180
138
216
220
128
151
240
95
130
87
190
230
159
159
158
137
130
198
206
157
113
181
237
184
187
199
117
168
158
142
168
78
127
163
144
161
169
143
163
169
130
148
158
69
115
64
94
73
70
93
80
102
151
105
92
68
102
119
116
108
108
77
85
86
97
105
93
135
102
80
99
134
73
50
151
129
135
135
114
107
95
125
109
88
86
58
80
62
107
157
104
73
55
110
75
151
143
71
75
67
85
53
66
70
121
125
155
301
470
627
462
