1440
603
319
272
234
188
131
161
173
191
191
217
224
186
116
205
214
181
170
283
266
164
291
341
193
148
218
268
254
266
243
202
270
359
433
402
297
254
367
422
359
435
343
286
324
363
380
263
312
304
391
463
524
533
450
481
503
424
386
514
410
365
501
560
603
632
443
378
332
488
477
409
442
652
679
656
655
672
502
407
260
272
257
213
200
260
386
318
408
404
437
424
323
187
202
222
239
150
144
224
161
156
162
162
165
119
99
129
129
157
124
194
129
162
156
151
225
140
181
154
191
216
207
151
174
161
198
181
177
128
144
209
125
165
119
170
160
134
179
233
213
158
115
173
155
236
188
123
195
185
148
214
204
125
248
210
252
213
291
513
1120
2100
