1364
556
279
180
123
95
130
96
221
165
124
114
118
188
124
153
155
149
144
152
170
191
124
164
215
227
231
282
272
265
195
211
253
154
267
258
203
233
235
205
346
384
381
384
300
233
316
324
459
389
434
296
332
447
475
385
369
399
390
317
433
466
506
597
583
568
509
433
506
399
443
510
615
612
673
506
531
423
482
450
540
628
841
703
788
793
888
552
445
350
201
268
253
262
440
326
439
444
482
576
417
368
284
297
295
258
162
167
208
203
183
139
135
181
125
143
126
141
183
171
161
144
131
178
148
109
189
161
167
132
128
182
168
156
152
226
157
173
125
204
185
175
104
179
158
211
143
185
158
142
158
99
132
145
201
252
174
130
219
163
221
107
131
205
226
177
178
247
754
1529
2407
