115
112
131
85
123
148
146
148
125
133
211
158
167
116
131
146
194
90
144
151
142
150
162
157
202
104
89
130
109
138
169
152
143
220
120
194
201
243
212
131
205
218
186
211
336
269
262
144
214
287
229
249
289
252
244
223
329
345
285
313
331
288
289
185
242
197
186
239
266
320
406
285
378
422
335
350
310
422
307
293
386
393
383
439
328
273
249
382
378
430
454
459
461
565
488
449
332
277
266
272
203
182
256
319
336
345
328
297
360
274
253
211
213
136
223
199
179
87
124
223
136
153
156
157
102
72
153
184
146
78
176
185
138
109
154
191
124
142
191
112
134
192
101
92
87
88
111
143
102
163
101
118
149
105
157
137
142
170
166
118
112
123
106
194
144
80
174
228
116
94
140
113
96
136
187
148
206
455
1210
1662
818
345
