399
279
205
91
185
162
128
168
172
199
195
141
147
126
154
159
134
73
89
131
198
132
187
106
139
167
154
211
198
185
109
168
155
128
173
69
161
170
149
96
104
109
162
198
167
186
166
152
126
197
95
122
100
127
253
162
147
115
163
93
142
163
223
133
160
233
142
178
127
221
280
174
184
174
200
156
231
166
176
267
184
309
157
141
200
220
200
215
286
299
339
307
204
168
231
244
186
285
334
223
204
263
246
333
221
345
331
228
234
270
306
353
278
421
451
298
452
373
227
290
296
314
338
400
447
374
319
475
379
375
316
209
230
191
148
217
291
272
278
209
326
324
251
270
330
193
150
156
244
178
146
200
202
127
84
171
165
153
205
183
133
135
173
132
133
132
188
208
129
131
144
230
128
181
163
137
176
161
153
159
180
185
150
125
134
135
176
158
125
137
166
142
100
163
207
118
172
129
158
224
209
178
211
169
118
146
218
120
114
192
378
798
1239
608
