185
121
66
197
166
135
124
109
180
113
171
99
154
154
170
83
142
86
161
147
167
130
144
143
118
134
87
123
112
180
113
147
110
117
170
152
169
162
99
188
118
147
117
81
55
131
173
146
131
95
142
164
209
165
154
222
100
92
166
154
200
229
139
139
213
201
213
274
185
225
321
206
168
149
200
210
212
177
220
173
228
211
164
365
277
263
312
237
276
247
263
214
275
310
327
256
337
281
321
236
215
258
273
140
279
290
274
182
310
273
305
231
207
149
184
215
279
213
242
207
227
223
237
370
165
147
220
147
158
125
107
53
102
205
120
125
117
120
146
182
138
94
104
135
82
90
99
106
155
159
134
105
136
103
107
50
143
165
156
137
118
107
138
132
138
91
122
167
132
116
110
94
95
146
185
105
92
187
131
133
197
122
133
147
147
161
151
178
167
155
122
213
292
782
655
328
218
