419
230
167
126
212
258
103
157
211
199
177
215
260
211
245
151
148
235
255
158
287
254
202
185
281
212
139
199
198
260
262
291
459
323
365
410
379
397
414
397
281
363
213
286
403
252
284
358
357
467
439
414
359
462
476
462
411
368
376
422
444
479
375
486
568
445
467
355
482
571
484
658
718
725
662
745
620
487
296
297
221
221
211
275
310
224
332
487
397
351
349
202
264
217
213
246
206
191
216
143
182
93
117
110
74
102
160
223
156
118
177
166
131
119
85
110
95
149
139
215
114
75
98
162
134
204
171
99
88
132
146
155
182
130
122
179
133
162
137
112
165
185
126
91
156
192
100
101
134
184
226
141
123
122
160
138
206
320
590
1415
2241
1010
