351
305
190
231
191
199
142
203
234
164
135
156
158
124
212
298
175
203
217
177
173
190
177
187
140
245
219
191
199
172
182
275
194
149
152
244
122
196
135
172
158
187
312
255
329
223
216
243
151
199
221
243
252
225
350
258
213
240
241
323
410
392
247
270
277
334
261
350
218
304
325
337
313
307
279
236
314
374
440
381
477
446
518
372
285
295
316
423
409
414
546
642
415
344
357
272
374
498
481
531
683
662
545
549
499
378
407
275
233
341
389
284
344
311
342
449
420
352
268
244
234
255
304
208
115
169
233
201
114
172
175
118
132
123
190
199
155
184
233
184
162
140
196
222
165
139
143
134
225
219
115
151
179
180
191
152
146
131
208
126
129
103
172
225
166
178
202
151
258
177
202
233
172
201
239
216
195
269
254
159
179
223
152
179
322
474
985
1864
1534
593
