428
540
493
728
918
1161
1346
1185
1289
1231
985
890
900
941
1000
1019
885
733
760
1101
2058
3530
4772
2772
1465
1812
2330
2772
2430
1796
1401
1359
1291
1165
1035
877
999
1289
1844
2561
2592
2910
3059
3079
2760
2343
2058
1840
1849
1922
1521
1674
1898
1967
2050
1568
1501
1462
1295
1595
1366
1576
1697
1721
1642
1647
1780
1567
946
754
671
759
732
720
682
652
622
649
889
983
794
760
767
571
466
501
530
391
415
314
351
409
418
360
330
326
405
282
329
319
451
354
313
336
360
363
262
326
211
257
251
300
356
316
325
320
244
276
209
326
335
247
269
378
238
318
260
325
259
278
339
309
435
369
317
369
289
253
227
254
207
130
236
282
279
294
328
381
288
330
448
1067
2866
8640
12588
7872
3466
1582
661
347
303
321
299
442
315
297
291
350
310
273
181
201
453
415
424
308
352
256
341
330
428
311
398
325
