740
611
509
733
554
635
576
500
535
562
532
383
663
1112
1426
1862
1637
825
873
1242
1270
924
967
855
639
668
655
462
536
539
690
832
1087
1310
1200
1410
1501
1381
1214
879
939
1047
959
807
919
1000
1078
942
873
828
805
816
761
858
892
941
1063
977
1060
1276
1129
621
376
424
440
592
368
484
429
468
454
491
440
552
520
493
445
403
416
339
385
310
314
323
260
236
362
401
241
228
343
351
457
364
358
415
303
319
310
445
421
448
401
417
343
322
367
287
295
278
251
217
402
312
319
382
313
283
369
393
352
235
258
361
338
398
346
336
358
383
312
268
287
243
398
289
293
239
256
339
288
219
202
364
445
636
1223
2975
4709
3541
1608
947
463
261
316
267
281
465
321
392
305
241
378
446
305
331
391
430
635
682
