394
414
419
515
514
470
666
944
1183
1365
1581
1605
1347
993
1136
1096
1043
1400
1233
834
652
671
964
2412
5148
5309
2828
1728
2236
3000
2950
2424
2069
1661
1477
1455
1378
1039
1056
1253
1583
2290
2931
3182
3236
3277
3453
3165
2609
2267
2083
2268
1879
1882
1955
2267
2471
2570
1899
1626
1585
1448
1408
1437
1548
1803
1876
1770
1609
1819
1512
936
828
690
741
698
600
842
684
779
892
904
817
785
905
803
600
460
513
401
388
443
422
366
269
230
343
218
311
331
375
270
273
313
286
389
402
342
261
308
200
376
346
302
392
257
299
246
375
408
433
284
218
215
230
339
246
422
390
442
306
273
272
301
326
305
280
294
284
247
192
266
280
366
272
308
314
305
296
311
362
432
575
1042
2751
7653
12370
10448
5289
2266
945
450
295
256
292
281
306
262
406
294
259
282
212
263
332
260
254
363
282
265
187
341
378
348
257
332
437
447
372
