405
555
713
682
599
480
389
466
496
569
434
539
334
390
307
350
445
509
488
493
652
505
438
563
614
677
445
373
416
558
374
340
426
382
373
526
343
485
537
450
432
419
521
454
463
449
422
340
337
249
276
422
453
386
374
284
316
292
333
255
207
320
294
286
209
243
158
273
405
226
220
230
202
152
135
169
243
237
297
287
162
275
295
251
273
311
241
353
306
232
157
191
249
354
283
242
178
356
176
270
306
211
287
275
332
288
194
202
188
168
243
253
294
249
212
225
376
304
275
267
514
722
1297
1728
1422
798
558
378
214
283
175
215
191
255
290
286
214
197
262
242
248
397
235
222
232
288
235
278
307
362
258
255
183
207
212
262
256
347
276
235
211
269
244
268
266
245
286
267
172
324
342
334
379
399
293
342
284
544
434
360
398
367
420
363
341
481
441
