333
364
263
340
322
301
376
352
352
402
541
551
418
513
484
416
435
522
448
537
443
373
308
269
251
219
331
390
627
606
572
546
546
566
425
443
439
345
337
415
493
576
467
445
407
369
356
455
538
455
511
440
386
459
374
416
457
506
431
330
309
287
293
347
367
346
272
368
329
273
348
349
366
366
304
198
231
266
251
141
159
250
309
181
300
203
274
253
257
233
290
265
298
332
337
349
276
299
243
195
210
143
292
294
214
227
201
202
179
310
320
339
303
259
268
278
249
338
237
238
189
311
377
292
229
208
293
209
238
352
460
825
1023
1107
971
630
577
386
260
292
229
260
164
315
231
203
266
278
308
310
205
208
272
281
268
334
200
229
229
197
236
254
225
196
260
300
377
168
241
253
274
235
290
193
272
291
305
130
296
363
227
258
189
273
245
320
393
281
350
325
263
333
