295
423
359
449
421
397
397
693
561
407
515
436
417
251
416
240
435
316
399
484
278
399
194
538
311
377
459
439
391
425
370
368
411
314
355
254
353
419
369
337
339
407
463
379
230
463
342
440
270
280
238
262
328
191
321
247
342
302
384
308
357
275
170
262
259
361
291
305
261
344
169
351
356
296
259
218
338
148
430
196
404
199
267
402
359
129
255
156
245
208
331
220
192
277
262
333
190
325
232
154
266
280
291
140
240
315
209
548
624
918
791
636
607
425
351
336
355
298
216
363
295
246
202
339
229
390
279
298
327
315
288
215
288
446
232
323
287
311
260
386
323
362
261
320
313
361
320
371
359
258
482
424
216
306
375
324
309
303
320
338
396
404
496
526
345
492
405
380
397
584
324
297
380
269
293
