302
384
327
448
283
305
377
347
358
326
424
379
396
324
399
560
625
660
529
440
562
518
447
506
423
405
508
315
276
416
556
461
587
536
736
661
537
517
592
537
477
323
296
450
336
333
466
459
405
435
428
426
579
548
436
410
347
390
526
429
306
401
355
311
350
302
320
323
364
275
281
247
258
262
218
255
208
286
241
236
225
206
340
214
298
264
318
286
156
152
230
292
146
255
308
259
330
261
214
226
295
221
213
283
302
306
185
143
225
309
242
253
251
172
96
283
197
288
312
203
203
196
194
219
205
144
122
231
298
251
282
228
302
377
415
856
981
815
638
500
362
292
170
263
228
268
330
172
123
136
240
256
215
295
123
185
289
312
234
310
275
203
298
231
203
209
235
202
221
229
255
325
444
315
284
190
183
297
239
269
307
239
168
256
258
188
102
216
309
260
234
239
315
