251
404
390
395
405
338
384
273
223
270
381
278
326
327
255
266
197
302
272
366
363
176
216
330
212
254
248
259
292
249
216
136
330
303
262
232
272
241
231
334
183
176
240
193
122
183
301
193
173
185
223
287
295
346
241
200
217
193
172
219
198
147
192
221
201
107
181
189
206
232
223
156
139
161
196
275
162
306
317
253
238
188
189
177
179
252
246
227
319
177
148
163
265
302
245
323
226
264
210
195
347
330
370
581
522
476
352
252
243
250
227
230
177
153
234
248
174
199
230
269
195
127
222
145
178
184
232
180
292
251
210
252
269
306
272
314
271
260
356
417
301
267
214
222
203
200
228
248
232
337
275
263
207
272
324
