265
389
361
410
247
264
311
266
367
267
349
331
466
251
366
584
520
488
541
492
648
548
646
616
554
662
711
598
632
748
927
825
965
957
1043
1196
1166
1124
1098
1237
951
879
729
641
776
766
542
737
821
686
654
783
854
728
618
636
610
515
572
420
375
487
267
235
356
267
248
181
153
274
243
192
229
306
379
228
163
172
239
290
240
300
198
266
272
330
149
101
199
328
192
268
262
291
184
201
188
261
225
222
240
290
416
128
344
266
244
182
284
214
172
248
355
296
275
245
271
460
465
731
918
744
749
640
650
377
341
261
264
266
276
291
251
160
181
295
244
226
189
216
204
252
219
174
240
201
280
207
284
252
431
334
237
222
270
148
334
297
211
165
293
235
211
200
356
229
325
277
311
473
299
383
289
353
