264
318
218
208
210
150
182
246
292
260
256
273
251
282
312
354
327
285
372
337
338
302
250
273
284
266
345
329
408
313
286
353
367
348
374
409
464
530
527
606
538
542
596
578
510
505
683
771
798
806
971
1053
1114
1175
1319
1130
1156
1075
870
866
689
665
667
607
521
620
588
699
830
703
697
568
570
473
506
499
435
361
442
434
257
185
241
217
193
180
228
156
217
73
91
141
267
139
137
128
197
207
139
127
119
136
208
222
146
166
230
102
109
181
198
186
132
198
168
173
196
165
136
170
293
242
89
131
156
199
216
158
162
223
190
195
165
283
379
421
466
504
740
747
799
574
465
374
264
323
232
158
113
160
293
190
134
213
229
156
189
261
208
175
241
216
200
188
154
198
237
229
230
243
202
151
299
