284
244
248
216
248
175
349
248
207
165
265
270
162
201
271
187
136
332
226
244
226
265
259
350
319
293
243
236
391
345
392
279
422
464
537
449
557
691
767
652
973
688
786
592
756
635
513
496
436
540
407
517
592
437
399
534
464
481
438
396
342
387
325
310
320
277
370
351
295
311
186
103
198
197
125
144
93
67
93
125
87
129
181
93
114
118
110
85
136
133
188
100
123
173
237
75
92
135
138
101
93
138
172
150
118
127
28
99
159
45
144
177
117
152
163
179
102
66
263
155
96
260
110
242
163
216
383
368
459
526
260
272
323
196
145
184
166
92
148
153
89
76
178
147
114
90
216
195
55
197
226
168
238
204
223
81
307
90
213
78
208
228
140
163
116
94
195
213
