175
222
195
159
174
232
219
255
235
178
209
226
275
268
311
227
219
268
453
337
354
484
491
683
547
569
543
580
427
477
409
476
440
363
305
404
485
449
267
275
267
279
247
286
269
212
245
294
306
272
192
108
174
134
163
119
80
87
54
149
100
107
129
97
60
162
138
111
145
113
93
162
84
151
153
226
175
163
113
113
180
87
87
71
96
113
88
152
127
86
107
72
107
75
71
142
131
86
129
81
141
75
119
149
117
205
124
241
283
268
361
356
334
214
122
155
179
168
121
74
122
99
191
104
134
131
176
135
219
271
160
82
178
207
249
253
115
153
273
172
149
