160
188
167
86
138
152
97
145
90
159
177
184
162
184
202
125
193
169
120
174
140
129
129
169
92
169
239
179
190
162
238
244
191
209
137
138
127
131
268
290
284
190
228
339
339
340
352
356
379
423
478
302
340
297
242
288
163
184
218
308
219
309
327
228
229
155
289
225
273
225
204
182
186
181
159
185
163
129
166
139
148
155
136
172
114
113
165
169
82
115
94
164
121
137
119
136
118
85
82
157
97
103
179
205
150
59
114
101
164
150
159
157
232
118
65
67
168
167
122
150
116
106
104
128
191
159
187
148
101
121
154
134
131
130
164
220
180
247
163
180
159
137
130
103
101
169
191
249
129
126
180
141
100
108
172
92
156
245
103
107
105
201
142
163
171
