133
151
104
226
188
208
227
166
222
285
252
209
258
288
384
252
227
211
258
302
279
240
323
428
356
378
474
463
457
516
512
460
424
367
382
347
317
352
375
308
397
345
263
254
207
302
341
360
209
264
208
245
296
251
150
297
230
225
177
192
142
185
213
225
213
205
167
120
201
118
134
187
157
174
172
160
148
79
221
139
175
175
136
199
293
212
196
138
153
154
135
175
234
152
164
192
162
172
102
132
176
186
129
154
138
149
195
186
148
118
132
168
150
185
193
184
206
270
320
304
343
361
199
255
142
181
82
158
182
171
140
208
187
202
160
191
185
192
206
217
173
190
257
234
201
193
138
153
132
142
158
191
254
177
203
171
203
142
130
185
192
225
217
199
