171
65
95
110
114
108
106
78
130
183
124
141
168
164
79
84
131
96
74
113
142
103
118
153
188
220
201
154
118
137
163
122
187
159
216
208
166
244
281
174
158
145
249
186
194
253
238
239
265
193
294
201
221
229
283
183
216
175
201
219
131
178
109
175
242
193
204
187
143
205
134
142
187
260
216
163
145
197
157
91
146
140
134
133
170
81
88
146
142
158
164
85
91
108
146
128
99
178
157
133
129
153
204
107
87
81
88
95
160
139
84
65
112
112
128
89
94
111
92
122
86
106
204
160
163
140
64
132
125
111
117
86
157
148
160
217
244
171
198
157
95
245
152
84
102
154
172
109
127
103
108
85
108
98
111
97
107
107
82
74
51
41
67
111
124
141
