207
186
170
126
138
185
165
138
232
149
205
242
224
203
180
229
239
232
324
220
308
344
198
287
363
387
303
491
495
443
563
634
601
550
640
524
512
528
408
474
279
417
317
251
305
318
289
305
389
259
270
428
323
413
386
251
261
253
216
255
220
85
126
68
159
117
108
154
130
69
114
119
141
142
156
104
191
144
159
82
99
124
115
133
40
80
144
41
190
102
95
91
89
112
98
109
95
94
102
97
150
89
161
156
139
79
140
234
95
79
120
198
160
61
148
161
152
277
285
372
336
383
348
178
195
226
159
158
142
169
165
217
201
89
189
132
79
163
195
118
190
220
140
147
154
215
179
