392
356
435
451
203
328
273
355
359
294
362
293
310
241
334
420
326
274
291
319
428
395
275
287
333
392
305
337
253
387
356
355
380
331
351
386
337
299
250
317
284
290
325
379
308
425
302
279
226
321
253
405
313
319
299
362
333
277
314
298
403
390
357
307
332
439
222
286
289
374
357
210
300
326
315
327
339
280
289
221
262
356
263
296
292
466
420
282
279
333
302
278
311
337
216
295
228
248
238
342
341
243
309
194
257
265
326
468
770
1040
668
342
365
324
313
275
344
288
245
230
365
365
392
410
332
