247
228
186
192
225
161
207
190
155
215
227
192
158
127
140
149
238
195
232
214
230
270
219
183
256
338
388
362
205
270
290
151
271
189
281
244
271
167
271
266
187
202
208
203
288
311
307
220
206
292
208
241
305
226
193
220
237
202
203
228
301
231
343
131
177
169
194
200
265
196
227
165
206
359
247
236
201
195
178
148
107
215
212
222
158
172
135
145
129
188
157
236
119
245
184
240
224
147
186
247
217
190
284
252
234
214
257
257
113
141
154
199
213
233
283
301
213
240
246
231
211
279
165
199
198
241
177
223
294
316
161
209
335
803
2001
1556
431
230
148
194
217
243
248
178
136
198
256
312
