417
544
511
434
438
360
412
398
271
397
374
442
381
504
572
494
502
569
533
594
533
381
456
603
476
466
405
503
567
543
534
610
425
467
471
507
531
382
413
373
406
442
391
450
506
364
435
517
355
286
317
378
453
493
460
433
371
425
364
379
437
406
483
382
473
465
347
314
368
324
310
459
331
465
328
369
282
318
378
331
347
349
239
318
341
269
443
394
470
325
298
293
327
401
377
308
466
327
348
377
315
369
416
351
348
356
361
284
400
324
430
361
365
381
358
430
418
408
357
406
409
406
347
284
343
403
330
514
1190
2709
2195
841
549
443
389
415
486
332
373
337
356
536
711
763
639
478
461
