324
473
600
588
650
632
575
521
566
623
659
475
363
488
447
396
398
431
453
430
431
488
509
547
606
685
774
718
656
584
558
442
639
612
568
621
656
577
641
518
586
464
541
506
486
508
590
598
621
516
574
546
414
421
376
523
372
398
406
454
411
446
292
454
482
403
390
319
419
299
401
309
438
355
402
298
357
364
389
303
372
287
297
330
340
310
371
290
241
351
372
364
361
359
362
397
343
342
409
326
242
391
419
426
345
357
363
380
341
407
418
386
283
292
451
474
414
391
329
472
510
440
257
319
280
402
445
422
349
438
405
311
391
334
386
450
1084
3323
3790
1482
638
519
474
420
392
450
426
362
324
292
317
291
370
386
414
332
317
